0a1ee73475c0c0df02fe328a7b828376	AmphiBac_6821	90.3	113	5	3	1	137	1	579	-1	0
0a4b03d9f5b0edddb93d0c5edf7c5831	AmphiBac_6821	90.3	113	5	3	1	137	1	579	-1	0
178da98c5fcfa8133c56e6d1579d4208	AmphiBac_6821	90.3	113	5	3	1	137	1	579	-1	0
186d4bc183e9fb5e4af5ea8954df9bba	AmphiBac_6821	90.3	113	5	3	1	137	1	579	-1	0
261b7b9fe4ae8aaba42d70de84a8c6ae	AmphiBac_638	90.6	149	2	7	1	137	1	1365	-1	0
2fa4f77ea3c946e82394d983b366c202	AmphiBac_7085	90.6	149	2	7	1	137	1	1359	-1	0
3080d26c8df3a0b903d171ab91c68214	AmphiBac_6821	92.9	113	2	4	1	137	1	579	-1	0
330d49899c50a8b48f0c69abea6366c7	AmphiBac_6821	90.3	113	5	3	1	137	1	579	-1	0
39052177744b37a4075b3537d08755d3	AmphiBac_3149	90.6	149	2	7	1	137	1	1401	-1	0
3f81c96092fea3ee0005c64dac436b6d	AmphiBac_6821	90.3	113	5	3	1	137	1	579	-1	0
47a253a0f720955a6350790b8bc9ca78	AmphiBac_638	90.6	149	2	7	1	137	1	1365	-1	0
47f7d8090348abb53ef9fc43eaa5fc56	AmphiBac_6821	92.9	113	2	4	1	137	1	579	-1	0
4cb6cc9346b1c0844a998d1dd3e48b00	AmphiBac_6821	90.3	113	5	3	1	137	1	579	-1	0
4d991c9776d46b3b6368140866debfa6	AmphiBac_242	90.6	149	2	7	1	137	1	1384	-1	0
4ebebda6fa254404d73ccbf2c71f70ec	AmphiBac_6821	93.8	113	1	4	1	137	1	579	-1	0
516fcf46dc8c049ff6e204898ae61eeb	AmphiBac_7003	90.6	149	2	7	1	137	1	1377	-1	0
540f35d770260b3a956d9eba716fb3c8	AmphiBac_6821	92.9	113	2	4	1	137	1	579	-1	0
55dfd8cd5356f8f02f5cc3af8f40a5ad	AmphiBac_6821	90.3	113	5	3	1	137	1	579	-1	0
594539afa75504a343c6c934e36374c8	AmphiBac_6821	90.3	113	5	3	1	137	1	579	-1	0
5a008c3423369c49db8d47de7beed280	AmphiBac_3004	90.6	149	2	7	1	137	1	1394	-1	0
6054d274210c38d08d5a7f46e9807585	AmphiBac_6821	90.3	113	5	3	1	137	1	579	-1	0
6113dbd92fc4f5c6fddc6bb8d1a04146	AmphiBac_6821	90.3	113	5	3	1	137	1	579	-1	0
629a847c8ec8661527c28e81ee09d318	AmphiBac_6821	90.3	113	5	4	1	137	1	579	-1	0
707b1967359c766a2a751b29426dd913	AmphiBac_3149	90.6	149	2	7	1	137	1	1401	-1	0
7364b059cbd2bbc302c5a0f0bedd69af	AmphiBac_7003	90.6	149	2	7	1	137	1	1377	-1	0
758d62e918b8a1e9d10b8ba082f5be26	AmphiBac_6821	90.3	113	5	3	1	137	1	579	-1	0
7a8d29c59b803baaed9cc1f04ce0dc33	AmphiBac_3149	90.6	149	2	7	1	137	1	1401	-1	0
7adf093d55fcee64dcd3374ac3c35311	AmphiBac_6768	90.5	148	3	6	1	137	1	942	-1	0
81100b03ecff99180e2e4c61f3f532e3	AmphiBac_6821	90.3	113	5	3	1	137	1	579	-1	0
82dcbc3294f7a06ca36553c662d60dae	AmphiBac_6821	90.3	113	5	3	1	137	1	579	-1	0
84b21548a147fc5077fd58c51a222c0e	AmphiBac_6821	90.3	113	5	3	1	137	1	579	-1	0
8628a930d43f367992a7ad3175a4d0c3	AmphiBac_6821	93.8	113	1	4	1	137	1	579	-1	0
8d166473583623500e9530511b73adff	AmphiBac_6821	93.8	113	1	4	1	137	1	579	-1	0
9470d41ff6b4bc4c5aa9cf0852c71bbc	AmphiBac_6821	90.3	113	5	3	1	137	1	579	-1	0
95e891bb0a825a469c6b6bc9034fac55	AmphiBac_6821	93.8	113	1	4	1	137	1	579	-1	0
98bc5b0c7292ad6595a9ac2f62fa1596	AmphiBac_6821	90.3	113	5	3	1	137	1	579	-1	0
9acc238746a1f2aa7745a0b5720c4eac	AmphiBac_3149	90.6	149	2	7	1	137	1	1401	-1	0
9e6f21c1386a34c275078591a02fa430	AmphiBac_6821	90.3	113	5	3	1	137	1	579	-1	0
9f66bdf46465a8d0fb8f3e858102de83	AmphiBac_892	90.5	148	3	6	1	137	1	1402	-1	0
a0c01406e5b3ab97d05a02ab4493618f	AmphiBac_6821	90.3	113	5	3	1	137	1	579	-1	0
b05be2552ae9e1433d744d54123a1ff4	AmphiBac_6821	93.8	113	1	4	1	137	1	579	-1	0
b84d7d0433f4a18148e57999ea1043f8	AmphiBac_6821	90.3	113	5	3	1	137	1	579	-1	0
b954b504b074c9222bddad255a0595ed	AmphiBac_6821	90.3	113	5	3	1	137	1	579	-1	0
be1ffe593c78c64a7d7b95dbded499b7	AmphiBac_242	90.6	149	2	7	1	137	1	1384	-1	0
c875399893ba1692aee3558eaf15c339	AmphiBac_6821	90.3	113	5	3	1	137	1	579	-1	0
c9e7be3b6662a79f96e5cb0c112a32fa	AmphiBac_6821	90.3	113	5	3	1	137	1	579	-1	0
ce36c2fd1791523c53163f6623964145	AmphiBac_6821	93.8	113	1	4	1	137	1	579	-1	0
e78d41babed59633582150118895f8bf	AmphiBac_6821	90.3	113	5	3	1	137	1	579	-1	0
