5868d8e8dfcf835aca0b5064f37902b4	AmphiBac_1778	99.3	150	1	0	1	150	1	1313	-1	0
e2351c33b59340604e665de18159ee2b	AmphiBac_256	100.0	150	0	0	1	150	1	1387	-1	0
bfda8c0eee4d1f4f71a9769e2d8e9de7	AmphiBac_1403	99.3	150	1	0	1	150	1	861	-1	0
c78ef78cda6297c41168f3805d9759a2	AmphiBac_1440	100.0	150	0	0	1	150	1	1404	-1	0
2f2d3176fceffc59ea6ff0d21d76f58b	AmphiBac_4022	99.3	150	1	0	1	150	1	574	-1	0
a538e0c72f940bfe5957d13756d7b83b	AmphiBac_7085	99.3	150	1	0	1	150	1	1359	-1	0
18b6ad1264fef2457b3a68e7eb97ef57	AmphiBac_5546	99.3	150	1	0	1	150	1	1253	-1	0
05627b35409be18bfd76985b5129f013	AmphiBac_1213	100.0	108	0	0	1	150	1	756	-1	0
209fed865ca0101e9160e0a2b9b11b1a	AmphiBac_2821	99.3	150	1	0	1	150	1	1393	-1	0
1060a67662092e1f7b6935fd4c311a8e	AmphiBac_1843	99.3	150	1	0	1	150	1	1285	-1	0
f8eada9e75632a38a68e9fa03744b987	AmphiBac_2960	99.3	150	1	0	1	150	1	1349	-1	0
7c95e987c206eef1f0be34c8e8b3b12c	AmphiBac_4019	100.0	150	0	0	1	150	1	574	-1	0
65238b4a1bd709286b43da19ea60cf0f	AmphiBac_5988	99.3	150	1	0	1	150	1	587	-1	0
02d21d204d2cc5c6f0581eefb33ac6d7	AmphiBac_6073	100.0	150	0	0	1	150	1	574	-1	0
abfa9d60a135501a6f8ea749b93200fb	AmphiBac_6557	99.3	150	1	0	1	150	1	1389	-1	0
0b81bcd720dd3bb2e80138faef982d9e	AmphiBac_3174	100.0	150	0	0	1	150	1	1367	-1	0
0cdc26df2e337ea78808c32c8f52c94b	AmphiBac_4020	100.0	150	0	0	1	150	1	597	-1	0
0fcc4a31c0f50689d484ae414d7de9bd	AmphiBac_6777	100.0	150	0	0	1	150	1	579	-1	0
8933849c39f2126054e90377c1b4f3b9	AmphiBac_7082	100.0	150	0	0	1	150	1	1374	-1	0
62cb0ed0f2cba6fd1ab5d2a374c15bb1	AmphiBac_729	100.0	150	0	0	1	150	1	1201	-1	0
5b31cc2016f451f58bffda2a0ec54ad8	AmphiBac_1574	100.0	150	0	0	1	150	1	1352	-1	0
b66f729260b8b9e1ab31750b8f7414e8	AmphiBac_6080	99.3	150	1	0	1	150	1	587	-1	0
9c9b0e0796844901f151fb0a44260087	AmphiBac_6947	99.3	150	1	0	1	150	1	1350	-1	0
c46ea926fbc76b59f4e67df0d74b0960	AmphiBac_3168	100.0	150	0	0	1	150	1	1338	-1	0
3080d26c8df3a0b903d171ab91c68214	AmphiBac_6821	99.1	113	1	0	1	150	1	579	-1	0
bb8a27d540f27a9e75b380c6a546b94b	AmphiBac_892	99.3	150	1	0	1	150	1	1402	-1	0
e8d4e8199c3266788a1a0938bb10bb69	AmphiBac_4020	99.3	150	1	0	1	150	1	597	-1	0
f5a8edcca6d3ed5107cb077e7b84c16b	AmphiBac_6947	99.3	150	1	0	1	150	1	1350	-1	0
1ddbf2e64f80314b40f9f84f6dcef256	AmphiBac_6055	99.3	150	1	0	1	150	1	583	-1	0
b09e646ba227d8ae31ba8adafdd18914	AmphiBac_43	100.0	150	0	0	1	150	1	1206	-1	0
0c4204a0e15fccc22a7456685898cd5c	AmphiBac_480	100.0	150	0	0	1	150	1	1205	-1	0
6136366bbb70baf738ca5a1c52e765e7	AmphiBac_7085	99.3	150	1	0	1	150	1	1359	-1	0
537e2908816dbfcfa47a4ff767cf425c	AmphiBac_4039	99.3	150	1	0	1	150	1	582	-1	0
5aefec7a3fb13c463f5fd2b9552e62d5	AmphiBac_928	99.3	150	1	0	1	150	1	1295	-1	0
4461d2a06acfa9eb83d74e43087f3725	AmphiBac_3005	99.3	150	1	0	1	150	1	1375	-1	0
5f8c4f83215d666e801e21278b17fb45	AmphiBac_1156	100.0	100	0	0	1	150	1	761	-1	0
b907443f07178c23118cd3a064986aee	AmphiBac_6821	100.0	113	0	0	1	150	1	579	-1	0
41f1c6e4d1e4cc653df22555bfab5796	AmphiBac_1398	99.3	150	1	0	1	150	1	1370	-1	0
81347e6348f84eded9ff0508a81eab20	AmphiBac_447	99.3	150	1	0	1	150	1	1399	-1	0
aa036e67a9af552731f83a7294c9be7c	AmphiBac_1156	99.0	100	1	0	1	150	1	761	-1	0
d1f20f01ca6a43567ea9eac01daf0801	AmphiBac_1426	99.3	150	1	0	1	150	1	1372	-1	0
6cd33eedaf1b4c183ce5cc9e2f26986f	AmphiBac_5582	100.0	150	0	0	1	150	1	1165	-1	0
261b7b9fe4ae8aaba42d70de84a8c6ae	AmphiBac_638	100.0	150	0	0	1	150	1	1365	-1	0
1bacfee98234dadeeab09156421cb7f4	AmphiBac_5432	100.0	150	0	0	1	150	1	1269	-1	0
4e1758e81adcb1107024ee52c0113a6f	AmphiBac_3243	100.0	150	0	0	1	150	1	1391	-1	0
5f8ce151844ef4c092fd0f2ffcaee5f3	AmphiBac_6055	100.0	150	0	0	1	150	1	583	-1	0
8e0e9c9644284e35822967e3679bb6c8	AmphiBac_739	99.3	150	1	0	1	150	1	1339	-1	0
9acc238746a1f2aa7745a0b5720c4eac	AmphiBac_1780	100.0	150	0	0	1	150	1	1292	-1	0
98a60c310d0eb8dd8189db40efecbff7	AmphiBac_642	99.3	150	1	0	1	150	1	1267	-1	0
06a272812ec03df4503cff475fcb5cb3	AmphiBac_4020	99.3	150	1	0	1	150	1	597	-1	0
04d89f63bbfdf6d8f836123bc47251b4	AmphiBac_7085	100.0	150	0	0	1	150	1	1359	-1	0
d86a89f7b305230b7d6c8d5b07022ea4	AmphiBac_2965	99.3	150	1	0	1	150	1	1377	-1	0
d0300b0f0d268334106b88660ab2cd9b	AmphiBac_5574	100.0	150	0	0	1	150	1	1197	-1	0
06a393c94e2fb89dc126fa9ac56a7145	AmphiBac_892	100.0	150	0	0	1	150	1	1402	-1	0
61a9d69bde1e174980ee8f8a84fdbc12	AmphiBac_1156	99.0	100	1	0	1	150	1	761	-1	0
2194f261e378b2d0d73a39904e2227fc	AmphiBac_6736	99.3	150	1	0	1	150	1	841	-1	0
0373977a9c8400cec5000c7ff8a916d6	AmphiBac_6961	99.3	150	1	0	1	150	1	1377	-1	0
c79810db83f04b758a71bfd81a885234	AmphiBac_6827	100.0	150	0	0	1	150	1	859	-1	0
313ff9f5a805c6777206081ea4910b17	AmphiBac_6730	100.0	150	0	0	1	150	1	862	-1	0
72bee54ab489dee86a7ebdc680038d05	AmphiBac_1843	100.0	150	0	0	1	150	1	1285	-1	0
87cdb691550840b732662309cf99b5cb	AmphiBac_5509	99.3	150	1	0	1	150	1	1218	-1	0
0f0c741eeebdb89289460115e9430f1a	AmphiBac_1398	100.0	150	0	0	1	150	1	1370	-1	0
eb0113da2236bf281a2e74690347dd44	AmphiBac_3216	100.0	150	0	0	1	150	1	1353	-1	0
f8a5b46847dfefd18e28204b728017ea	AmphiBac_1171	99.1	111	1	0	1	150	1	785	-1	0
68bb0065fa02ba7b52acf3f4d833895b	AmphiBac_5518	100.0	150	0	0	1	150	1	1402	-1	0
25df12dee6c26057f846952323339aa6	AmphiBac_6975	99.3	150	1	0	1	150	1	1324	-1	0
931e8c21e9300ceccf54b625f099219c	AmphiBac_902	99.3	150	1	0	1	150	1	1372	-1	0
bc23d2ee539bf2f52faf789289af7879	AmphiBac_3273	100.0	150	0	0	1	150	1	1393	-1	0
399a96716238bd9fb94415d1f390461b	AmphiBac_5546	100.0	150	0	0	1	150	1	1253	-1	0
fad1953ae466085ccf723fdbb071b15e	AmphiBac_1213	99.1	108	1	0	1	150	1	756	-1	0
f2d51220165f3af2155921d7de2b8871	AmphiBac_6821	99.1	113	1	0	1	150	1	579	-1	0
925e56c65cae6ca645de5b98f0dd5028	AmphiBac_255	100.0	150	0	0	1	150	1	1356	-1	0
3dca01142e22e42b989fe5a513e103c7	AmphiBac_7085	99.3	150	1	0	1	150	1	1359	-1	0
97d027671932202687bbb085e363f979	AmphiBac_7046	99.3	150	1	0	1	150	1	1352	-1	0
bc4ae61d84daab04b0e888d22f7d3f69	AmphiBac_1156	100.0	100	0	0	1	150	1	761	-1	0
236f3d869fc5c3c66b5a13647a71d6db	AmphiBac_1433	100.0	150	0	0	1	150	1	1399	-1	0
da5463f9a3163db4528898c49e7fa54c	AmphiBac_500	100.0	150	0	0	1	150	1	1234	-1	0
157395715e62e484e97ae256e624d8d2	AmphiBac_5988	99.3	150	1	0	1	150	1	587	-1	0
2fa74b5bbb292623a1780ea8829e1993	AmphiBac_170	99.3	150	1	0	1	150	1	656	-1	0
6ff8bec02c53943f3c09611473a0c2c4	AmphiBac_3151	100.0	150	0	0	1	150	1	1365	-1	0
bc63fdae811a4a8a9cd67973c4cb2314	AmphiBac_7052	100.0	150	0	0	1	150	1	622	-1	0
3b965650dca2c339ef7e4fb555e88283	AmphiBac_5509	99.3	150	1	0	1	150	1	1218	-1	0
c466019de28d52bc14b0826c14ce11d9	AmphiBac_7003	100.0	150	0	0	1	150	1	1377	-1	0
5463033f8f2296171fc8dc16cd6cf3d4	AmphiBac_907	99.3	150	1	0	1	150	1	1404	-1	0
9aedee6693f1a417a254628794b7f4ba	AmphiBac_6801	100.0	150	0	0	1	150	1	896	-1	0
d56536a97c18adccf18eb08958d93345	AmphiBac_6815	100.0	150	0	0	1	150	1	558	-1	0
0f5e53be197d16ef4de30312ebff0245	AmphiBac_6009	99.3	150	1	0	1	150	1	574	-1	0
cee9ade29a61d7669cc2710549611c53	AmphiBac_7079	100.0	150	0	0	1	150	1	1378	-1	0
a2e0f228d7110587954e13405f98f003	AmphiBac_2821	100.0	150	0	0	1	150	1	1393	-1	0
0866edfec55ebec53a6161b12559af4b	AmphiBac_907	100.0	150	0	0	1	150	1	1404	-1	0
cdc5252779dbc8126e2f84a55be13787	AmphiBac_7046	99.3	150	1	0	1	150	1	1352	-1	0
a9acd1c2af37e45b5b6517ab6e3a00fe	AmphiBac_447	100.0	150	0	0	1	150	1	1399	-1	0
936640b05b758a58680b845829f4e5e6	AmphiBac_2937	100.0	150	0	0	1	150	1	1411	-1	0
e3a4a62adc4e83c274978806164b474a	AmphiBac_6557	100.0	150	0	0	1	150	1	1389	-1	0
94650d81f3f14b948edfadca3ca7b166	AmphiBac_1334	100.0	150	0	0	1	150	1	1267	-1	0
839baf5c1231f68400317fd3e7585e08	AmphiBac_596	100.0	150	0	0	1	150	1	1349	-1	0
83e2cde80ee0547e0936bf7b7edb1a37	AmphiBac_4039	99.3	150	1	0	1	150	1	582	-1	0
60b01d96359cdf959f45b3a5413dc040	AmphiBac_6815	99.3	150	1	0	1	150	1	558	-1	0
bbe23451b5df56f7eece31156912ff1b	AmphiBac_1576	100.0	150	0	0	1	150	1	1356	-1	0
8caacc0d2d7b93e5327c80165dc58d6e	AmphiBac_5538	99.3	150	1	0	1	150	1	1231	-1	0
03ac751838bb709c0270a8f4ef786d4d	AmphiBac_6821	99.1	113	1	0	1	150	1	579	-1	0
107670f53394363c36acd83526ba449d	AmphiBac_6938	99.3	150	1	0	1	150	1	1384	-1	0
50e35bfb2b1a2831186cf00509f3f564	AmphiBac_927	100.0	150	0	0	1	150	1	1391	-1	0
ffd2347147e9473d687f6c6b02593655	AmphiBac_1128	100.0	98	0	0	1	150	1	743	-1	0
0efe807935d267487b85745a9e807718	AmphiBac_6571	100.0	150	0	0	1	150	1	1169	-1	0
8efd5a991e051b663493d9a425809dba	AmphiBac_6938	100.0	150	0	0	1	150	1	1384	-1	0
852c009bcad9a9322a707aaf07ed6025	AmphiBac_2960	99.3	150	1	0	1	150	1	1349	-1	0
c9ffa6bcfa02fc1d9be67436b73b45f9	AmphiBac_5989	100.0	150	0	0	1	150	1	587	-1	0
a857f12bf5ef8002737cce34d5aac087	AmphiBac_1623	100.0	150	0	0	1	150	1	1381	-1	0
659cc3cf1dbcb0673439fddcd7e16ea7	AmphiBac_1324	99.3	150	1	0	1	150	1	1361	-1	0
9d710fa7faff108e5331bf75cd442716	AmphiBac_7037	99.3	150	1	0	1	150	1	1392	-1	0
161551008a744871aa77a22127bc4369	AmphiBac_170	100.0	150	0	0	1	150	1	656	-1	0
6897b884c0bdda259367f1f3bd274c19	AmphiBac_7085	99.3	150	1	0	1	150	1	1359	-1	0
ca231a7933bf886558c9531dbbb3762a	AmphiBac_43	99.3	150	1	0	1	150	1	1206	-1	0
d36a31e60f59187e8dc01796eb39e373	AmphiBac_5581	99.3	150	1	0	1	150	1	1203	-1	0
cc15d97df9186cc55f7653be6bb42fbe	AmphiBac_1421	99.3	150	1	0	1	150	1	1396	-1	0
f51461861e44883eb6c6e15de102ffb6	AmphiBac_484	100.0	150	0	0	1	150	1	1276	-1	0
7d0905b9864c582654b487b8da6ca95f	AmphiBac_1432	100.0	150	0	0	1	150	1	1390	-1	0
a1a22b2e460e6454dca7805f1cde48d8	AmphiBac_3079	99.1	116	0	1	1	150	1	899	-1	0
5af490021a2698f59978aeaa1fa7c7c1	AmphiBac_6777	99.3	150	1	0	1	150	1	579	-1	0
f48a1f611db9718c81bbfbd38ab655f3	AmphiBac_4039	100.0	150	0	0	1	150	1	582	-1	0
212bbbe07384488d1ade9c05853b7945	AmphiBac_6786	100.0	150	0	0	1	150	1	625	-1	0
6a40d31c25c63fc295917d2a6e3c007b	AmphiBac_5506	100.0	150	0	0	1	150	1	1371	-1	0
07ed8e05b8f49fc67b2bf34980e1465c	AmphiBac_165	100.0	150	0	0	1	150	1	666	-1	0
ab70b39e48687496857437aa911bbd46	AmphiBac_4022	100.0	150	0	0	1	150	1	574	-1	0
0ee1e948e8aac9c920deef8deacde792	AmphiBac_1785	100.0	150	0	0	1	150	1	1279	-1	0
5ca356bb554944b13c4996e4dcbec1e8	AmphiBac_1156	99.0	100	1	0	1	150	1	761	-1	0
f0ef333362eccf1ec5f4d08790185093	AmphiBac_1539	100.0	150	0	0	1	150	1	1374	-1	0
c7541e5e0dd4b2a608bacf0199a2bf45	AmphiBac_6055	99.3	150	1	0	1	150	1	583	-1	0
4d991c9776d46b3b6368140866debfa6	AmphiBac_3308	99.3	150	1	0	1	150	1	1361	-1	0
9d33e52708177daa4d76fd977e8336e5	AmphiBac_1643	100.0	150	0	0	1	150	1	1373	-1	0
7b0a1c5b891e932ef21bb08fcdd72071	AmphiBac_7052	99.3	150	1	0	1	150	1	622	-1	0
6088a8ed8aa2ab801f99539c09082dde	AmphiBac_6011	99.3	150	1	0	1	150	1	614	-1	0
7eb4f6ea5738b260d7b38df4d2e9a805	AmphiBac_1156	99.0	100	1	0	1	150	1	761	-1	0
596c1c5efe777a8d8aafbca19fe37e1d	AmphiBac_739	100.0	150	0	0	1	150	1	1339	-1	0
e3a3f625784b27c193c749b7bb0979d7	AmphiBac_812	100.0	150	0	0	1	150	1	1377	-1	0
ee084a976fc8028a3fdc50c9555b2a08	AmphiBac_6010	100.0	150	0	0	1	150	1	597	-1	0
bb8cd42775d7feb5b54059f90e5ce9eb	AmphiBac_6009	100.0	150	0	0	1	150	1	574	-1	0
0211764ca9ba93886a8b6730c172cfdd	AmphiBac_6530	100.0	150	0	0	1	150	1	1396	-1	0
6f21015c009394da9ea9c93d0ef95979	AmphiBac_1426	100.0	150	0	0	1	150	1	1372	-1	0
1ba09da532a0f9985b3caf72a47b42e3	AmphiBac_4011	100.0	150	0	0	1	150	1	575	-1	0
a00b7191133090783f3d0c5e6af0a331	AmphiBac_7094	100.0	150	0	0	1	150	1	1395	-1	0
a11c609395bb5fe97936cb8f889a8ee2	AmphiBac_256	99.3	150	1	0	1	150	1	1387	-1	0
bf8144aac6a30e6695ad6bf8f49131ab	AmphiBac_7046	100.0	150	0	0	1	150	1	1352	-1	0
8ed979694b729ce04cffd9351ada0ec4	AmphiBac_4013	100.0	150	0	0	1	150	1	614	-1	0
9f8f477d42f108668a3d1595f322a4de	AmphiBac_1809	99.3	150	1	0	1	150	1	1241	-1	0
553966ca54578177258ea62290a3e2e1	AmphiBac_1156	100.0	100	0	0	1	150	1	761	-1	0
69e719f524b4729f0cfca5862fde7369	AmphiBac_1324	100.0	150	0	0	1	150	1	1361	-1	0
e621070db71623d6df482e0a5aebf6e1	AmphiBac_2971	100.0	150	0	0	1	150	1	1391	-1	0
4d2897870710f39c4368a05ec6d2b628	AmphiBac_1843	99.3	150	1	0	1	150	1	1285	-1	0
167bb82c73c73fcecc7b0f8e3fc780ad	AmphiBac_500	99.3	150	1	0	1	150	1	1234	-1	0
68d722d83f554459e2dc5bfaae6f8536	AmphiBac_6009	99.3	150	1	0	1	150	1	574	-1	0
5cee1c1c98dd630fe4b535fb6cba7acb	AmphiBac_6055	99.3	150	1	0	1	150	1	583	-1	0
9536d1fe6d61d806375763a6d445fed2	AmphiBac_1478	100.0	150	0	0	1	150	1	1388	-1	0
f3744b5343c44ae14f9f319b361fc54d	AmphiBac_4015	100.0	150	0	0	1	150	1	574	-1	0
4538e0fb6bc73c497881ba21dac95410	AmphiBac_5503	100.0	150	0	0	1	150	1	1237	-1	0
0365476bd72ec7a802b06589292dcdf0	AmphiBac_6065	100.0	150	0	0	1	150	1	587	-1	0
3880d07540f9da93fe408e490b4bd2ed	AmphiBac_1403	100.0	150	0	0	1	150	1	861	-1	0
a3fba4ba06570adff59c1c9e6ae3210d	AmphiBac_255	99.3	150	1	0	1	150	1	1356	-1	0
18a879058eac94a6d8f02e72e7390dee	AmphiBac_6798	100.0	150	0	0	1	150	1	751	-1	0
d6a012bede64566febd2a63502c5151e	AmphiBac_1740	99.3	150	1	0	1	150	1	1362	-1	0
afa7c6762808c89a69a27ac11b9c682a	AmphiBac_6965	100.0	150	0	0	1	150	1	1391	-1	0
c7fb23c9ba29912badefae2970028a20	AmphiBac_921	100.0	150	0	0	1	150	1	1296	-1	0
5df0b93d3b9dbf715a3531f2cc9261cd	AmphiBac_6960	100.0	150	0	0	1	150	1	1376	-1	0
b839ee7158d0778b2567d0b96be13ebb	AmphiBac_6975	99.3	150	1	0	1	150	1	1324	-1	0
21aadca515d55b3a1e3ea2d5f430cb76	AmphiBac_2969	100.0	150	0	0	1	150	1	1379	-1	0
7b6c491f7a82536597a3019a8ce28efb	AmphiBac_1539	99.3	150	1	0	1	150	1	1374	-1	0
cea81dd3f82c67ae4a9317735e4d067f	AmphiBac_447	99.3	150	1	0	1	150	1	1399	-1	0
50958e5a5046afdd87909b77e2ae6f03	AmphiBac_484	99.3	150	1	0	1	150	1	1276	-1	0
a06f5fd3db9f925457a537135871f616	AmphiBac_6768	100.0	150	0	0	1	150	1	942	-1	0
8699b0399303107db031abc25dab6cfd	AmphiBac_1087	100.0	91	0	0	1	150	1	735	-1	0
aadf067e83ca643294c80e37a0283592	AmphiBac_223	99.3	150	1	0	1	150	1	833	-1	0
11764b0405507198175fe590debb40b4	AmphiBac_2933	100.0	150	0	0	1	150	1	1400	-1	0
5147cf5e03fda37cd7d06a92925c0b72	AmphiBac_223	100.0	150	0	0	1	150	1	833	-1	0
acc19f66b55664e3ecf5ed08e07b8302	AmphiBac_6965	99.3	150	1	0	1	150	1	1391	-1	0
80c1b1aeb9fb13e20f461a24cc7f6489	AmphiBac_5988	100.0	150	0	0	1	150	1	587	-1	0
02ad610587066447f6fae2380c7b0847	AmphiBac_7085	99.3	150	1	0	1	150	1	1359	-1	0
37379d0d776aeae14d3498d8740bb6d0	AmphiBac_897	100.0	150	0	0	1	150	1	1399	-1	0
5432ed0917946efba6b087d44811cec7	AmphiBac_6714	99.3	150	1	0	1	150	1	919	-1	0
3a26891cc15576ac6991838606915ba4	AmphiBac_892	99.3	150	1	0	1	150	1	1402	-1	0
a1dabd1d0db4a5aacc72a9e57e5c2f0d	AmphiBac_812	99.3	150	1	0	1	150	1	1377	-1	0
fa92441faf0650bb6a70747ca7680504	AmphiBac_642	99.3	150	1	0	1	150	1	1267	-1	0
2013e7d91492c8d3f6e70f3ec6ffad4e	AmphiBac_7010	100.0	150	0	0	1	150	1	1378	-1	0
23317dda863c29fd989fa3d076327914	AmphiBac_6011	100.0	150	0	0	1	150	1	614	-1	0
794d9a0500c75feecd9ca13e210835a1	AmphiBac_6821	99.1	113	1	0	1	150	1	579	-1	0
73c0ea20d7f4219a467be11959c21c7d	AmphiBac_2804	99.3	151	0	1	1	150	1	1407	-1	0
c48c22ec82e246b05e83fe027c083e96	AmphiBac_1843	99.3	150	1	0	1	150	1	1285	-1	0
2347a9a11e382f65cd7754470119bfb9	AmphiBac_1156	100.0	100	0	0	1	150	1	761	-1	0
d473d7d7b8997a7dfe169e542f952ecd	AmphiBac_1607	99.3	150	1	0	1	150	1	1370	-1	0
78c8a0b5213fc9673b976f029bd86f46	AmphiBac_4038	100.0	150	0	0	1	150	1	614	-1	0
44117c55613dcc0a761cbf9800f85551	AmphiBac_5506	99.3	150	1	0	1	150	1	1371	-1	0
7a80057d202767d5baad076e7666c6ee	AmphiBac_4044	99.3	150	1	0	1	150	1	587	-1	0
df2dbdf75ed7418039ab56b2cbcf5de1	AmphiBac_4007	100.0	150	0	0	1	150	1	574	-1	0
b0fe7ef26a9e253e2916d3a9fbc4c276	AmphiBac_6961	100.0	150	0	0	1	150	1	1377	-1	0
66497b1a36e11d2ac43c54d9aa2d722c	AmphiBac_6010	99.3	150	1	0	1	150	1	597	-1	0
2185572335bef15e3de27b8a4099d24c	AmphiBac_6768	99.3	150	1	0	1	150	1	942	-1	0
916c2a6dff40f45dec7c6da13a69ce01	AmphiBac_442	100.0	150	0	0	1	150	1	1022	-1	0
c18afe570abfe82d2f746ecc6e291bab	AmphiBac_6714	100.0	150	0	0	1	150	1	919	-1	0
353a4a8ea3cd93cd612fa0150ba763e2	AmphiBac_897	99.3	150	1	0	1	150	1	1399	-1	0
0c094d5149bf7780c9130e68a3e98947	AmphiBac_1156	99.0	100	1	0	1	150	1	761	-1	0
17385600e201acb3519aa66a6ab16530	AmphiBac_691	100.0	150	0	0	1	150	1	1231	-1	0
d284b92d7518959fe5d52aa45b687394	AmphiBac_176	100.0	150	0	0	1	150	1	617	-1	0
9695acecaba71cc9fc1458080b07d1fa	AmphiBac_3145	100.0	150	0	0	1	150	1	1284	-1	0
33e03fd9f91629c01c6e8440c50bd26d	AmphiBac_928	100.0	150	0	0	1	150	1	1295	-1	0
9d4e47c1aabe9c295fcb09f9a47f1568	AmphiBac_6960	99.3	150	1	0	1	150	1	1376	-1	0
94a137ad3a8abe3620f480c66d3121e0	AmphiBac_1388	100.0	150	0	0	1	150	1	1385	-1	0
a6af8cb77a6510acb8b495673b236608	AmphiBac_936	99.3	150	1	0	1	150	1	845	-1	0
36fcb7df3e1e30e21c2b5d11edbd0ed3	AmphiBac_2963	99.3	150	1	0	1	150	1	1384	-1	0
201ac5b3ffea116605bf99ecae13d422	AmphiBac_1584	100.0	150	0	0	1	150	1	1363	-1	0
6054d274210c38d08d5a7f46e9807585	AmphiBac_2938	100.0	150	0	0	1	150	1	1384	-1	0
45cd4058e2e019d76058fac67a5a8595	AmphiBac_1334	99.3	150	1	0	1	150	1	1267	-1	0
421dea8457bbae3467f20f4eeb752be6	AmphiBac_5559	99.3	150	1	0	1	150	1	1234	-1	0
47568ed6454203edb72a956f0a52880b	AmphiBac_6730	99.3	150	1	0	1	150	1	862	-1	0
c8695f67e7138d27fa462cabdfa82a7a	AmphiBac_1843	99.3	150	1	0	1	150	1	1285	-1	0
1e65678c544fb0508fb0ee8710fc79a0	AmphiBac_6961	99.3	150	1	0	1	150	1	1377	-1	0
1d16c8b30b3b4ce134f3abcae073d637	AmphiBac_6940	99.3	150	1	0	1	150	1	1352	-1	0
46a32522bd22de7339068358cfcca174	AmphiBac_1478	99.3	150	1	0	1	150	1	1388	-1	0
db91c14e690f98373355a56e7dab14d3	AmphiBac_1472	99.3	150	1	0	1	150	1	1347	-1	0
8c2756280075d7f3255e7c6afcf1ffca	AmphiBac_5509	99.3	150	1	0	1	150	1	1218	-1	0
87d40d52b8bf036292ff2c1c4bfb4a97	AmphiBac_4038	99.3	150	1	0	1	150	1	614	-1	0
5a1ac9a86b12d57ca2f19985f55f52ff	AmphiBac_1213	100.0	108	0	0	1	150	1	756	-1	0
7e16e07c06a68b5e0bb68b46ba259eaa	AmphiBac_6961	99.3	150	1	0	1	150	1	1377	-1	0
4ebebda6fa254404d73ccbf2c71f70ec	AmphiBac_6821	100.0	113	0	0	1	150	1	579	-1	0
2200fe9f093ce85504850fbd3ce581e4	AmphiBac_480	99.3	150	1	0	1	150	1	1205	-1	0
98a2571293af4b223a13570c4c54aa70	AmphiBac_1136	100.0	105	0	0	1	150	1	748	-1	0
a22e5cdcc2d7ef7908db3e0a3602b8c6	AmphiBac_1771	99.3	150	1	0	1	150	1	1250	-1	0
aa00920b13c0e09854ce79eb23cb7d9b	AmphiBac_6010	99.3	150	1	0	1	150	1	597	-1	0
330d49899c50a8b48f0c69abea6366c7	AmphiBac_2938	99.3	150	1	0	1	150	1	1384	-1	0
8985f7358bb23d4d6f650e2acc604687	AmphiBac_5483	100.0	150	0	0	1	150	1	1336	-1	0
59c4a678634e50b3fda861310820aadd	AmphiBac_1740	100.0	150	0	0	1	150	1	1362	-1	0
e3112981b1a76f39530dcf87ff938b32	AmphiBac_6557	99.3	150	1	0	1	150	1	1389	-1	0
8ef81d686cf378c0c1bb1690bee6873f	AmphiBac_1171	100.0	111	0	0	1	150	1	785	-1	0
4fd34fbe531b5b3ca648428798dfd7e5	AmphiBac_1843	99.3	150	1	0	1	150	1	1285	-1	0
4c7bf54a1e70647dd3646e904949456d	AmphiBac_2963	100.0	150	0	0	1	150	1	1384	-1	0
9065d9fc5a50712e80be6f5dbef043d4	AmphiBac_6940	100.0	150	0	0	1	150	1	1352	-1	0
44a19ba7fc9f79f52814da762ae92ee1	AmphiBac_3220	100.0	150	0	0	1	150	1	1385	-1	0
04b0877cd54e4ee47c275b7f5cda45a8	AmphiBac_44	99.3	151	0	1	1	150	1	1267	-1	0
7e60707559c22526e0b33a5e4c026bc2	AmphiBac_449	99.3	150	1	0	1	150	1	1378	-1	0
a3649474a0b02046c44e9545150c825c	AmphiBac_1433	99.3	150	1	0	1	150	1	1399	-1	0
30cdedb0ec16ce87fcdd8bc97eb258c5	AmphiBac_5988	99.3	150	1	0	1	150	1	587	-1	0
5a92e979b71dc78971b2fbc1f5126b47	AmphiBac_5580	100.0	150	0	0	1	150	1	1366	-1	0
f32ac53bed565ea04eb8ebc20f195978	AmphiBac_1604	100.0	150	0	0	1	150	1	1378	-1	0
8182cb0602c9ec9fc255042e3a0d79d4	AmphiBac_733	100.0	150	0	0	1	150	1	1248	-1	0
061a6863520c15338c40a13c468d11e9	AmphiBac_186	100.0	150	0	0	1	150	1	710	-1	0
e1ad69c2249a66a6acc05e3951ea02dc	AmphiBac_5538	100.0	150	0	0	1	150	1	1231	-1	0
8abc0bd58b28efc41655daaa8905a5d0	AmphiBac_6975	100.0	150	0	0	1	150	1	1324	-1	0
0c94966e56b319d4e00cc991faa6e914	AmphiBac_2821	99.3	150	1	0	1	150	1	1393	-1	0
8b7844ec69aa3e1aaf5505e30943318e	AmphiBac_2834	99.3	150	1	0	1	150	1	1400	-1	0
c760a99e9b5333bb5d87af2678ad3844	AmphiBac_936	100.0	150	0	0	1	150	1	845	-1	0
d54033283b10e4322d95171ffb993d16	AmphiBac_7085	99.3	150	1	0	1	150	1	1359	-1	0
12dc3e90e2b6f9157e3617562d29e8c2	AmphiBac_5989	99.3	150	1	0	1	150	1	587	-1	0
fc8ae7a711896be3621e64e8c751cc85	AmphiBac_3192	100.0	150	0	0	1	150	1	1352	-1	0
ece1af985b63ebccd2833e9b5f0432e3	AmphiBac_6737	100.0	150	0	0	1	150	1	927	-1	0
ae03e927d0ca651d0eca5d8c40c91083	AmphiBac_642	99.3	150	1	0	1	150	1	1267	-1	0
ad0afd7293b32bf565de97915ef4c20a	AmphiBac_4018	100.0	150	0	0	1	150	1	574	-1	0
8d3d60950b53dbb2df1c46186d846ead	AmphiBac_4039	99.3	150	1	0	1	150	1	582	-1	0
d4d47a6fbd5a40f07601307b7eecf086	AmphiBac_1644	100.0	150	0	0	1	150	1	1379	-1	0
8204a253746fbc431b065738f39565e8	AmphiBac_6947	100.0	150	0	0	1	150	1	1350	-1	0
fd21badba5eecdf5a284d5db7aa0679b	AmphiBac_2960	100.0	150	0	0	1	150	1	1349	-1	0
b3bc69638d34bf7c7c03b85f99d7434a	AmphiBac_1740	99.3	150	1	0	1	150	1	1362	-1	0
8628a930d43f367992a7ad3175a4d0c3	AmphiBac_6821	100.0	113	0	0	1	150	1	579	-1	0
0d7c3e325c2f91dd9acc29c18cb1ccae	AmphiBac_1592	100.0	150	0	0	1	150	1	1365	-1	0
075614efc7d3dd61cd64a4e5f17078ae	AmphiBac_3134	100.0	150	0	0	1	150	1	1341	-1	0
499266555674aeadf7d800ae460b6a27	AmphiBac_1607	100.0	150	0	0	1	150	1	1370	-1	0
2bd09ee37069ed553fdf3f6878c903f5	AmphiBac_918	100.0	150	0	0	1	150	1	1371	-1	0
b48a25941ae901a73b4a2830cc24b382	AmphiBac_5581	100.0	150	0	0	1	150	1	1203	-1	0
5fe5f00ba466385b1165970b52636cb4	AmphiBac_1575	100.0	150	0	0	1	150	1	1379	-1	0
898858f6aabfa36d70283e9ddc25b480	AmphiBac_4022	99.3	150	1	0	1	150	1	574	-1	0
a4ecfb2e708863a17978a0942358ffc3	AmphiBac_2948	100.0	150	0	0	1	150	1	1405	-1	0
451a305073d6f00797e39d62a1435605	AmphiBac_6741	100.0	150	0	0	1	150	1	802	-1	0
4cad1b84a36e6bc09e62aed75cf91373	AmphiBac_6530	99.3	150	1	0	1	150	1	1396	-1	0
15b372f1a4d29b52f09a41ac60b01b00	AmphiBac_4019	99.3	150	1	0	1	150	1	574	-1	0
e8e91294df2d584673e8f74d5428787e	AmphiBac_1426	99.3	150	1	0	1	150	1	1372	-1	0
74b7dc5aa537fcaf4d0046dc7715b9bf	AmphiBac_6736	100.0	150	0	0	1	150	1	841	-1	0
f776a0e0170c51608a69421cdba38b9f	AmphiBac_1109	100.0	111	0	0	1	150	1	757	-1	0
30985b5d7da3176fe0f6b39e9d3f842e	AmphiBac_1403	99.3	150	1	0	1	150	1	861	-1	0
be1ffe593c78c64a7d7b95dbded499b7	AmphiBac_7034	100.0	150	0	0	1	150	1	1381	-1	0
5483e68068b983d7fcd30e1966ba0f66	AmphiBac_590	99.3	150	1	0	1	150	1	1265	-1	0
ebb2708a4241985b4ab32780cb63ce74	AmphiBac_6080	100.0	150	0	0	1	150	1	587	-1	0
9554958eff6f3fff7945f7d3791305b5	AmphiBac_6714	99.3	150	1	0	1	150	1	919	-1	0
ce36c2fd1791523c53163f6623964145	AmphiBac_6821	100.0	113	0	0	1	150	1	579	-1	0
1ae68342729b965152a4fc09b9313b3f	AmphiBac_590	99.3	150	1	0	1	150	1	1265	-1	0
47f613ccafd3792d79f4ac1445e61b45	AmphiBac_6953	100.0	150	0	0	1	150	1	1405	-1	0
354b3affe7706d4e6ddfb5b0511f5441	AmphiBac_6010	99.3	150	1	0	1	150	1	597	-1	0
a1ff6d73f8bfebe4cf218026053cc1b6	AmphiBac_1213	99.1	108	1	0	1	150	1	756	-1	0
5e6289ea9f10ff77ac589e56baae7b52	AmphiBac_1380	100.0	150	0	0	1	150	1	1387	-1	0
ebc29136f61ed4d2d8bf349b9553ae62	AmphiBac_6821	99.1	113	1	0	1	150	1	579	-1	0
691656f33e727f8857f5c9ee40ed05b1	AmphiBac_1542	100.0	150	0	0	1	150	1	1357	-1	0
ce60490802b8ba912aeb7263b8e04ae8	AmphiBac_6073	99.3	150	1	0	1	150	1	574	-1	0
eb41739f50f9237b366903d97cbca9ea	AmphiBac_917	100.0	150	0	0	1	150	1	848	-1	0
b1c63c327a79b8d43a1c70f533bfa770	AmphiBac_590	100.0	150	0	0	1	150	1	1265	-1	0
f3a6075bb45a6ae18cc1afb67065b721	AmphiBac_1087	100.0	91	0	0	1	150	1	735	-1	0
bed01bfa95a6d0169135951f96189f9d	AmphiBac_733	99.3	150	1	0	1	150	1	1248	-1	0
b86684c1567f97ccc4b2c9562b99065c	AmphiBac_2925	99.3	150	1	0	1	150	1	1392	-1	0
55ee738290bcbcddaf6079b137e8e8b8	AmphiBac_4044	100.0	150	0	0	1	150	1	587	-1	0
71a15ba007e4b627ec899d56c53d2df7	AmphiBac_5509	100.0	150	0	0	1	150	1	1218	-1	0
c3cec28e03ec6b74b409474565b51686	AmphiBac_638	99.3	150	1	0	1	150	1	1365	-1	0
9b33c8964bb40d3f753a68f6aeb20264	AmphiBac_782	100.0	150	0	0	1	150	1	863	-1	0
29fbef77c0b2a8d82ebe81735dd2dea1	AmphiBac_1485	100.0	150	0	0	1	150	1	1370	-1	0
fe184e76c8f042ac5e9438b8c76fa23c	AmphiBac_6961	99.3	150	1	0	1	150	1	1377	-1	0
34bbd9371e3da1d57a7bb41aeed86760	AmphiBac_5584	100.0	150	0	0	1	150	1	1353	-1	0
6a4894d7be8fde1ad27eb53d954b02ec	AmphiBac_1156	99.0	100	1	0	1	150	1	761	-1	0
9745dcf6113a0bc2bd78b524c1d34246	AmphiBac_250	99.3	150	1	0	1	150	1	1363	-1	0
3822d1e02671c66ca752d7b5ac3d4976	AmphiBac_6947	99.3	150	1	0	1	150	1	1350	-1	0
ab5adc1f0caa58bb38b017effefdfba7	AmphiBac_4039	99.3	150	1	0	1	150	1	582	-1	0
